sensor0
16
1516
14
1408
15
1354
5
1550
11
1673
3
1421
3
1447
2
1389
2
1282
2
1811
1
1399
3
1389
1
1514
2
1404
9
1341
2
1392
2
1454
2
1420
7
1340
27
2440
4
2534
3
1530
5
1435
4
1474
4
1283
19
1406
5
1427
2
1378
3
1395
3
1340
4
1519
3
1460
4
1633
5
1594
6
1449
4
1484
4
1400
2
1697
2
1392
5
2177
5
2207
3
1427
3
1373
3
1376
4
1351
2
2029
5
1529
4
1325
5
1518
9
1469
10
1345
11
1385
3
1462
2
1353
3
1603
3
1696
3
1385
2
1455
4
1389
4
1432
3
1444
4
1455
3
1396
3
1472
3
1455
3
1540
3
1482
5
1411
sensor1
23
1440
13
1274
8
1310
16
1391
8
1535
5
1667
5
1420
8
1437
6
1458
9
1344
3
1596
4
1518
2
1261
22
1427
2
1340
3
1761
6
1397
9
1340
3
2359
3
2093
5
1478
5
1402
2
1928
3
1454
2
1409
4
1340
11
1365
5
2593
4
1338
6
1396
4
2006
4
2393
4
1487
4
1511
14
1423
2
1392
3
1413
7
1598
5
1420
6
1357
3
1520
3
1394
4
1300
7
1432
5
1471
5
1466
4
1429
5
1424
5
1417
4
1570
6
1272
3
1804
3
1455
3
1338
5
1292
5
1537
3
1316
4
1497
4
1360
4
1380
3
2047
7
1487
3
1410
4
1273
4
1427
2
1338
2
1437
5
1445
4
1455
2
1504
5
1433
3
1390
3
1392
3
1392
3
1357
3
1445
4
1488
2
1418
5
1438
4
1275
4
1463
3
1430
sensor2
8
1357
11
1347
3
1486
5
1445
9
1333
3
1818
1
1395
4
1446
6
2271
3
1243
19
1381
4
1383
8
1449
3
1504
11
1393
2
2322
3
1553
2
1529
4
1473
4
1399
11
1448
3
1456
7
2441
4
1529
3
1246
5
1451
3
3684
3
1240
6
1611
4
1522
5
1371
5
1563
4
1253
17
1406
4
1510
4
1455
5
1426
5
1445
4
1603
3
2022
3
2157
6
2224
3
1388
3
1336
2
1338
2
1792
4
1583
4
1514
5
1413
5
1469
3
1404
13
1369
3
1249
4
1403
5
1456
3
1783
8
1345
2
1372
4
2079
4
1406
5
1419
4
1425
3
1452
4
1467
3
1418
4
1526
4
1443
3
1440
3
1288
3
2518
3
1451
2
1339
3
1411
sensor3
12
1284
12
1323
8
1569
7
1468
3
1578
5
1413
8
2244
2
1297
2
1550
16
1408
2
1463
4
1369
5
1740
4
1481
3
2712
2
1516
2
1388
3
1979
3
1501
13
1366
3
2526
7
1296
4
2577
3
1360
10
1435
2
1422
4
1268
5
1660
4
1296
4
1530
3
1396
3
1462
3
1576
5
1435
4
1583
4
1270
3
1525
5
1471
2
1394
5
1438
3
1957
3
2037
5
1430
3
1667
6
1253
5
2185
5
1348
5
1504
4
1338
3
1303
2
1468
4
1470
4
1483
4
1339
4
1411
3
1499
4
1256
5
1469
3
1796
4
1375
4
1418
6
1412
3
1484
2
1516
5
1405
3
1490
4
1500
5
1413
3
1837
6
1258
4
1404
3
1363
5
1436
4
1446
sensor4
7
1383
2
2228
2
1258
3
1338
2
1337
3
1691
2
1438
1
2253
2
2616
2
1428
2
1410
3
1352
3
1357
2
1931
3
1442
20
2459
6
2540
4
1372
9
1464
3
1959
4
1493
6
2406
5
1411
3
1491
3
2608
2
1268
9
1567
4
1395
4
1430
4
1495
3
1667
3
1527
3
1244
4
1392
16
1425
3
1397
4
1433
3
1456
5
1461
2
1571
4
1437
4
1515
6
2199
3
1390
4
1381
2
2047
2
1493
3
1356
6
1563
4
1374
3
1323
4
1676
5
1422
5
1412
10
1456
4
1377
9
1369
4
1429
2
1381
2
1396
2
1240
2
1396
4
1499
4
1588
4
2105
4
1447
4
1456
4
1412
4
1414
3
1435
3
1378
5
1422
2
1511
4
1422
2
1239
3
1395
3
1397
3
1393
5
1346
4
1398
4
1388
sensor5
13
1370
2
1703
2
1447
5
1416
5
1304
10
1831
3
1456
3
1425
3
2258
3
1360
3
1707
2
1948
11
1302
6
2557
3
1379
2
1443
4
1969
4
1438
5
1420
6
1404
5
1350
3
1402
3
1468
4
1404
6
1406
5
1498
6
1458
3
1479
3
1488
4
1442
3
1600
3
1413
4
1364
3
1366
3
2001
3
1628
4
1388
3
1325
3
1291
5
1608
5
1398
3
2009
9
1361
4
1448
3
1445
3
1822
6
1359
3
1412
4
1460
4
1418
3
1470
4
1426
3
1467
2
1433
3
1543
3
1449
4
1408
5
1731
3
1397
4
1421
5
1424
3
1396
4
1477
4
1470
4
1372
sensor6
10
1586
2
1474
11
1874
6
1276
3
1411
5
1422
2
1452
2
2299
2
1533
2
1416
3
1479
5
1385
12
2478
10
1321
3
1398
5
1547
7
2466
6
1458
3
1463
6
1385
4
3729
5
1280
7
1589
4
1448
5
1379
5
1487
3
1473
2
1476
4
1611
4
1463
3
1393
3
1391
4
1449
5
1435
3
1462
4
1439
4
2000
5
1403
4
1407
2
1237
4
2231
4
2251
2
1391
3
1394
3
2015
3
1358
5
1268
3
1848
3
1348
3
1427
4
1398
3
1976
6
1430
3
1336
8
1388
2
1361
3
1523
3
1473
3
1293
4
1456
3
1428
2
1399
4
1395
5
1429
8
1569
4
2094
3
1384
4
1447
3
1402
3
1392
4
1460
3
1396
5
1637
4
1420
6
1247
4
1439
3
1382
4
1462
6
1424
4
1362
sensor7
3
1733
9
1493
5
1433
12
1845
1
1416
3
1435
2
1535
11
1362
2
1354
3
1725
5
1438
11
1355
3
2280
3
2666
2
1507
4
1349
2
1962
5
1468
3
1457
10
1357
9
1341
5
2585
2
1468
4
2019
3
1416
5
1293
23
1381
5
1620
5
1471
4
1468
3
1445
3
1548
4
1450
4
1287
6
1422
5
1454
3
1443
4
1407
3
1398
4
1475
3
1660
4
1447
4
1303
5
2213
3
1360
4
1654
3
1269
4
1489
2
1304
4
1681
6
1371
4
1434
2
1995
9
1441
4
1354
4
1455
4
1485
3
1392
3
1395
3
1531
3
2124
3
1490
5
1425
3
1434
4
1513
5
1434
4
1417
4
1431
4
1442
5
1456
3
1444
3
1487
3
1376
23
1427
sensor8
2
1500
8
2676
12
1320
3
1400
3
1393
3
2229
3
1236
3
1503
3
1353
3
1339
3
1694
3
1439
15
1386
3
2246
4
2744
2
1380
2
1396
3
1342
4
1344
3
1993
3
1527
3
1484
8
1403
4
1948
9
1385
6
1397
3
1990
6
2427
4
1255
18
1395
4
2595
9
1574
3
1410
4
1453
4
1612
3
1398
3
1400
3
1816
5
1969
5
1411
5
1286
5
2191
4
2238
3
1444
5
1348
2
1984
4
1589
2
1244
5
1441
3
1353
4
2032
3
1391
3
1430
2
1424
4
1728
7
1557
4
1448
4
1455
2
1492
3
1459
4
1821
3
1471
4
1589
10
1429
3
1426
5
1346
2
1424
sensor9
14
1508
4
1395
8
1280
4
1908
4
1484
7
2285
2
1567
19
1343
3
1476
9
1365
3
2653
2
1428
4
1394
4
1368
12
2493
3
1520
7
1488
2
1394
3
1809
3
1392
3
1306
6
1437
4
3652
3
1308
3
1562
4
1505
4
1438
4
1392
2
1422
3
1532
3
1647
5
1422
3
1418
6
1408
5
1418
4
1411
3
1717
3
1455
2
1388
1
1390
1
1337
2
1245
2
1396
2
1432
2
1301
1
1387
1
1407
2
1419
4
1457
3
1418
4
1397
4
1334
4
1341
3
1398
