sensor0
6
1641
8
1250
6
1245
8
1307
7
1294
5
1265
7
1277
6
1841
4
1349
4
1259
6
1259
4
1251
5
1343
4
1570
4
1247
3
1769
4
1301
4
1249
3
1345
3
1657
2
1253
3
1244
3
1755
3
1395
3
1362
3
1558
3
1347
2
1341
4
1400
3
1481
3
1403
3
1782
3
1349
2
1451
2
1349
3
1425
3
1343
3
1396
3
1351
3
1399
3
1394
2
1409
2
2789
4
1432
3
1428
2
1407
11
1398
3
1343
3
1397
2
1398
2
1356
3
1402
2
1354
3
1436
2
1403
3
1341
4
1414
3
1351
3
1833
2
1393
3
1400
2
1341
2
1326
6
1477
2
1741
3
1409
3
1343
2
1245
2
1257
4
1343
2
1410
3
1394
3
2888
2
1400
3
1339
2
1339
2
1346
3
1339
9
1340
2
1342
3
1348
3
1343
4
1423
3
1418
3
1512
3
1394
sensor1
8
1264
7
1557
6
1262
7
1293
7
1257
9
1246
6
1247
3
1347
3
1260
2
1349
2
2561
3
1377
3
1346
3
1347
3
1399
2
1410
3
1395
3
1861
3
1400
2
1392
3
1402
3
1381
3
1342
6
1437
2
1396
4
1368
3
1554
2
1914
2
1401
3
1398
2
1419
3
1397
4
1399
3
1522
14
1406
4
1433
2
1516
3
1247
6
1356
3
1404
2
1342
2
1341
2
1555
4
1342
3
1570
3
1583
3
1398
2
1346
7
1436
5
1396
4
1397
3
1747
4
1397
7
1481
3
1414
3
1267
3
1419
3
1398
2
2049
4
1401
2
1350
3
1258
3
1350
2
1357
5
1345
2
1340
3
1353
3
1340
2
1293
3
1569
2
1521
3
1365
2
1349
3
1403
2
1487
3
1403
2
1348
